x=4.78567
y=-3.29549
z=0
