x=4.70871
y=-3.24972
z=0
