x=3.08364
y=-3.19764
z=0
