x=3.19546
y=-3.16383
z=0
