x=2.59797
y=-2.80593
z=0
