x=4.69572
y=-2.74685
z=0
